# Hyperparameter Evolution Results
# Generations: 23
# Metrics:       0.58     0.511     0.511     0.303    0.0484     0.144    0.0254

lr0: 0.00894
lrf: 0.0995
momentum: 0.96
weight_decay: 0.00081
warmup_epochs: 4.59
warmup_momentum: 0.892
warmup_bias_lr: 0.0859
box: 0.0434
cls: 0.562
cls_pw: 1.19
obj: 0.678
obj_pw: 1.05
iou_t: 0.2
anchor_t: 2.64
anchors: 3.5
fl_gamma: 0.0
hsv_h: 0.0174
hsv_s: 0.703
hsv_v: 0.294
degrees: 0.0
translate: 0.1
scale: 0.469
shear: 0.0
perspective: 0.0
flipud: 0.0
fliplr: 0.5
mosaic: 0.97
mixup: 0.0
